513 3317
2577 1796
3250 1780
3064 1771
1297 1769
1969 1766
3955 1762
31 1753
2993 1752
1218 1751
4756 1750
1589 1736
149 1734
3915 1733
1559 1733
3500 1733
4900 1730
3238 1729
48 1728
2168 1724
1524 1722
3711 1722
4423 1720
4260 1719
1316 1718
38 1717
680 1714
2668 1709
2865 1707
4991 1707
3750 1699
1788 1699
1043 1696
2618 1694
1876 1692
3301 1688
2186 1686
514 1685
2195 1679
1139 1679
1537 1677
3086 1664
490 1658
3975 1657
3160 1634
735 1632
1250 1622
73 1621
1476 1617
1399 225
1021 198
4545 195
4334 195
323 192
1052 191
3572 191
4255 190
4133 189
347 188
3904 188
4877 187
2306 187
1646 186
66 186
4543 186
2480 185
2019 184
1579 184
2644 184
3627 184
981 183
2624 183
1103 182
2442 182
3858 182
217 181
2709 181
94 181
4648 180
133 180
2210 179
4889 179
3383 179
456 179
1002 179
2748 179
464 178
3214 178
4289 178
3621 177
327 177
1681 177
4744 177
4186 176
1235 176
4710 176
376 176
262 176
173 175
1980 175
1762 175
2014 175
2095 175
2842 175
4246 175
2627 174
960 174
1215 174
4624 174
2819 174
191 174
551 174
672 174
884 174
886 174
2409 174
3893 174
1688 173
3283 173
355 173
492 173
661 173
974 173
2850 173
4969 172
1051 172
4086 172
550 172
4176 172
4034 172
1837 172
218 172
249 172
1692 172
2746 172
2923 172
4120 172
1975 171
3504 171
3046 171
220 171
1696 171
854 171
1258 171
1541 171
1545 171
2013 171
2301 171
2601 171
2692 171
4712 171
69 170
2983 170
2857 170
1132 170
3575 170
549 170
852 170
865 170
1121 170
1136 170
1388 170
1889 170
2061 170
2173 170
3036 170
4067 170
4099 170
4404 170
18 169
4350 169
2236 169
3399 169
169 169
472 169
1061 169
1062 169
1509 169
1595 169
3130 169
3191 169
3431 169
3542 169
4354 169
3917 168
738 168
1001 168
2934 168
4773 168
1159 168
352 168
1908 168
3776 168
379 168
510 168
1221 168
1343 168
1520 168
1742 168
2158 168
2206 168
2674 168
4340 168
4668 168
4769 168
179 167
4206 167
972 167
601 167
699 167
2683 167
2394 167
3779 167
3970 167
3938 167
2885 167
1416 167
2402 167
2131 167
45 167
104 167
208 167
581 167
647 167
721 167
1363 167
1786 167
1905 167
2176 167
2371 167
2685 167
2887 167
3017 167
3118 167
4145 167
4281 167
4330 167
4400 167
4521 167
4901 167
4936 167
4976 167
4234 166
846 166
1916 166
4504 166
4834 166
99 166
400 166
406 166
487 166
537 166
820 166
861 166
903 166
1424 166
1526 166
2103 166
2117 166
2303 166
2332 166
2383 166
3084 166
3113 166
3309 166
3484 166
3787 166
4024 166
4129 166
2169 165
3889 165
1402 165
1194 165
432 165
4213 165
3802 165
3376 165
4362 165
86 165
210 165
569 165
598 165
733 165
970 165
1163 165
1211 165
1304 165
1445 165
1617 165
1680 165
1718 165
1847 165
1886 165
1907 165
2174 165
2382 165
2392 165
2443 165
2474 165
2906 165
3229 165
3278 165
3340 165
3354 165
3418 165
3789 165
4095 165
4116 165
4148 165
4220 165
4304 165
4357 165
4513 165
4953 164
4353 164
1548 164
2243 164
72 164
2567 164
418 164
4815 164
1310 164
1422 164
762 164
4691 164
136 164
141 164
165 164
221 164
267 164
284 164
307 164
584 164
703 164
753 164
785 164
932 164
956 164
1114 164
1435 164
1999 164
2036 164
2060 164
2106 164
2254 164
2357 164
2822 164
2958 164
3040 164
3042 164
3171 164
3480 164
3527 164
3547 164
3584 164
3890 164
4165 164
4172 164
4303 164
4312 164
4369 164
4616 164
4831 164
4872 164
4903 164
4920 164
4933 164
1674 163
2381 163
1538 163
1592 163
4108 163
2544 163
2526 163
1082 163
498 163
1743 163
1135 163
4269 163
61 163
125 163
190 163
259 163
334 163
372 163
416 163
670 163
716 163
847 163
1089 163
1209 163
1315 163
1662 163
1710 163
1769 163
1822 163
1872 163
1896 163
2075 163
2138 163
2466 163
2676 163
2688 163
3184 163
3316 163
3348 163
3407 163
3441 163
3626 163
3995 163
4107 163
4175 163
4446 163
4689 163
1642 162
3154 162
764 162
940 162
519 162
6 162
4201 162
42 162
2664 162
2980 162
202 162
3703 162
906 162
317 162
4660 162
506 162
3124 162
2077 162
2135 162
78 162
34 162
17 162
63 162
140 162
270 162
373 162
714 162
862 162
1022 162
1086 162
1100 162
1170 162
1305 162
1396 162
1483 162
1533 162
1796 162
1812 162
1893 162
2108 162
2540 162
2622 162
2638 162
2695 162
2700 162
2720 162
3116 162
3121 162
3282 162
3371 162
3374 162
3467 162
3486 162
3665 162
3736 162
3771 162
3784 162
3835 162
4096 162
4111 162
4331 162
4343 162
4511 162
4536 162
4612 162
4626 162
4640 162
4732 162
4978 162
3499 161
3663 161
828 161
2652 161
823 161
3618 161
552 161
3183 161
4568 161
448 161
4995 161
3644 161
3744 161
4208 161
573 161
561 161
3433 161
3470 161
3845 161
19 161
184 161
255 161
286 161
454 161
517 161
565 161
619 161
701 161
790 161
904 161
962 161
1039 161
1065 161
1092 161
1190 161
1234 161
1430 161
1504 161
1554 161
1644 161
1770 161
1823 161
1914 161
2008 161
2027 161
2230 161
2265 161
2288 161
2292 161
2320 161
2708 161
2768 161
2970 161
3265 161
3339 161
3438 161
3762 161
3861 161
3898 161
4106 161
4124 161
4244 161
4249 161
4315 161
4344 161
4385 161
4417 161
4437 161
3430 160
3434 160
2082 160
1954 160
2253 160
3583 160
3123 160
1222 160
57 160
453 160
2415 160
595 160
2247 160
20 160
139 160
232 160
425 160
478 160
611 160
622 160
660 160
697 160
711 160
765 160
770 160
913 160
996 160
1220 160
1375 160
1452 160
1588 160
1678 160
1700 160
1719 160
1821 160
2000 160
2214 160
2428 160
2672 160
3030 160
3053 160
3088 160
3164 160
3175 160
3198 160
3210 160
3249 160
3352 160
3388 160
3391 160
3588 160
3716 160
3922 160
4212 160
4236 160
4430 160
4569 160
4592 160
4752 160
4760 160
4810 160
4899 160
4923 160
419 159
4103 159
216 159
3569 159
1633 159
2922 159
1171 159
3568 159
1303 159
3914 159
3093 159
1746 159
268 159
1420 159
3029 159
2510 159
822 159
4091 159
115 159
1604 159
4836 159
678 159
123 159
162 159
212 159
219 159
397 159
576 159
638 159
696 159
885 159
955 159
971 159
1005 159
1213 159
1314 159
1366 159
1414 159
1419 159
1460 159
1778 159
1783 159
1784 159
1945 159
1982 159
2193 159
2205 159
2278 159
2488 159
2740 159
2843 159
2869 159
3295 159
3318 159
3379 159
3501 159
3552 159
3643 159
3668 159
3846 159
4031 159
4079 159
4475 159
4490 159
4501 159
4765 159
2338 158
1813 158
1739 158
3807 158
3855 158
4488 158
987 158
1618 158
512 158
2951 158
2592 158
203 158
3462 158
3170 158
715 158
3813 158
1277 158
1830 158
215 158
261 158
281 158
495 158
920 158
995 158
1219 158
1275 158
1387 158
1716 158
1824 158
1857 158
1898 158
2105 158
2114 158
2187 158
2340 158
2413 158
2446 158
2460 158
2519 158
2570 158
2637 158
2687 158
2718 158
3127 158
3144 158
3312 158
3571 158
3597 158
3780 158
3833 158
3880 158
3907 158
3925 158
4228 158
4293 158
4333 158
4361 158
4541 158
4688 158
4701 158
880 157
3147 157
2365 157
401 157
1880 157
1392 157
2712 157
4749 157
132 157
170 157
276 157
426 157
676 157
857 157
870 157
935 157
980 157
1008 157
1140 157
1349 157
1444 157
1546 157
1568 157
1580 157
1749 157
1819 157
1844 157
1991 157
2089 157
2127 157
2225 157
2345 157
2424 157
2538 157
2584 157
2918 157
3000 157
3012 157
3014 157
3032 157
3052 157
3302 157
3304 157
3345 157
3440 157
3475 157
3765 157
3819 157
3901 157
4119 157
4150 157
4159 157
4252 157
4310 157
4412 157
4416 157
4429 157
4704 157
4876 157
4898 157
4938 157
4990 157
2787 156
3439 156
1714 156
1280 156
2426 156
3058 156
4202 156
795 156
2941 156
3331 156
1466 156
4675 156
4450 156
308 156
413 156
1016 156
1299 156
1371 156
1507 156
1738 156
1741 156
1910 156
1964 156
2160 156
2242 156
2316 156
2323 156
2364 156
2572 156
2704 156
2784 156
2794 156
2862 156
2898 156
3178 156
3378 156
3443 156
4845 156
4879 156
3361 155
1748 155
523 155
3209 155
4076 155
4198 155
1807 155
4917 155
449 155
556 155
2031 155
15 155
2607 155
848 155
1544 155
14 155
147 155
415 155
511 155
583 155
783 155
918 155
936 155
1033 155
1036 155
1088 155
1148 155
1169 155
1196 155
1208 155
1223 155
1403 155
1525 155
1532 155
2140 155
2399 155
2433 155
2484 155
2594 155
2661 155
2769 155
2832 155
2939 155
3094 155
3095 155
3221 155
3471 155
3722 155
3961 155
3988 155
4019 155
4115 155
4190 155
4298 155
4347 155
4348 155
4770 155
4791 155
4997 155
3839 154
3757 154
1777 154
4641 154
322 154
681 154
1657 154
2471 154
407 154
479 154
528 154
575 154
665 154
695 154
728 154
757 154
832 154
1038 154
1040 154
1101 154
1173 154
1429 154
1519 154
1543 154
1547 154
1814 154
1834 154
2351 154
2379 154
2591 154
2651 154
2689 154
2729 154
2767 154
2900 154
2945 154
2972 154
3007 154
3090 154
3146 154
3181 154
3216 154
3224 154
3235 154
3286 154
3426 154
3508 154
3697 154
3712 154
3891 154
3916 154
3935 154
3990 154
4023 154
4088 154
4144 154
4193 154
4415 154
4449 154
4476 154
4520 154
4822 154
4929 154
2797 153
4949 153
4970 153
3464 153
1377 153
1721 153
3951 153
124 153
946 153
1122 153
3551 153
4837 153
345 153
2115 153
951 153
3404 153
1912 153
2109 153
3772 153
4151 153
384 153
40 153
51 153
206 153
246 153
279 153
315 153
427 153
469 153
526 153
540 153
759 153
1025 153
1125 153
1184 153
1531 153
1599 153
2074 153
2389 153
2483 153
2532 153
2553 153
2835 153
2866 153
3109 153
3122 153
3414 153
3459 153
3473 153
3651 153
3786 153
3883 153
3994 153
4100 153
4204 153
4268 153
4314 153
4346 153
4349 153
4463 153
4564 153
4605 153
4700 153
4721 153
4869 153
4932 153
4937 153
4959 153
4974 153
4994 153
919 152
3222 152
3740 152
1556 152
4951 152
223 152
1484 152
2528 152
1701 152
3910 152
475 152
3599 152
944 152
3328 152
4109 152
934 152
22 152
197 152
282 152
411 152
617 152
683 152
876 152
1011 152
1106 152
1116 152
1133 152
1199 152
1214 152
1278 152
1320 152
1385 152
1415 152
1494 152
1536 152
1612 152
1648 152
1654 152
1787 152
1805 152
1868 152
2023 152
2049 152
2055 152
2072 152
2085 152
2134 152
2229 152
2260 152
2352 152
2355 152
2407 152
2430 152
2462 152
2464 152
2489 152
2495 152
2558 152
2656 152
3019 152
3099 152
3131 152
3218 152
3264 152
3344 152
3417 152
3517 152
3666 152
3728 152
3775 152
3782 152
3826 152
3967 152
4089 152
4219 152
4248 152
4320 152
4323 152
4383 152
4406 152
4418 152
4427 152
4471 152
4491 152
4507 152
4567 152
4576 152
4727 152
4801 152
4816 152
4826 152
4853 152
4864 152
4925 152
4952 152
4954 152
4998 152
3685 151
659 151
3673 151
4846 151
2300 151
3327 151
1735 151
1141 151
4571 151
2154 151
2838 151
3869 151
4090 151
1069 151
2578 151
2070 151
3834 151
290 151
2416 151
968 151
310 151
23 151
46 151
254 151
294 151
302 151
318 151
354 151
387 151
393 151
482 151
489 151
493 151
631 151
668 151
748 151
797 151
838 151
877 151
882 151
942 151
1009 151
1027 151
1063 151
1093 151
1257 151
1292 151
1306 151
1313 151
1331 151
1348 151
1409 151
1578 151
1627 151
1641 151
1715 151
1854 151
1904 151
1941 151
1956 151
2094 151
2143 151
2149 151
2175 151
2192 151
2250 151
2273 151
2302 151
2337 151
2457 151
2491 151
2492 151
2511 151
2534 151
2555 151
2576 151
2582 151
2589 151
2599 151
2645 151
2693 151
2706 151
2733 151
2757 151
2759 151
2761 151
2790 151
2806 151
2823 151
2859 151
2867 151
2874 151
2891 151
2895 151
2899 151
2952 151
2964 151
2990 151
3054 151
3070 151
3075 151
3107 151
3226 151
3234 151
3240 151
3307 151
3321 151
3448 151
3457 151
3498 151
3525 151
3595 151
3620 151
3634 151
3657 151
3714 151
3752 151
3770 151
3793 151
3794 151
3828 151
3830 151
3996 151
4113 151
4154 151
4187 151
4203 151
4283 151
4352 151
4375 151
4395 151
4422 151
4508 151
4548 151
4631 151
4634 151
4645 151
4659 151
4734 151
4757 151
4772 151
4824 151
4828 151
4859 151
4896 151
4918 151
4919 151
3322 150
225 150
3215 150
507 150
4652 150
4948 150
1189 150
1950 150
1372 150
1155 150
3671 150
4461 150
4733 150
321 150
1490 150
1228 150
1389 150
3573 150
365 150
2904 150
3293 150
3197 150
371 150
1976 150
2606 150
4510 150
357 150
2738 150
1032 150
3725 150
3934 150
1614 150
2111 150
4651 150
1318 150
1359 150
24 150
25 150
93 150
150 150
168 150
222 150
305 150
337 150
358 150
423 150
503 150
518 150
639 150
706 150
732 150
741 150
747 150
766 150
827 150
844 150
855 150
961 150
1018 150
1024 150
1047 150
1094 150
1120 150
1123 150
1127 150
1161 150
1162 150
1175 150
1267 150
1295 150
1324 150
1347 150
1352 150
1379 150
1395 150
1410 150
1437 150
1481 150
1542 150
1563 150
1569 150
1587 150
1606 150
1607 150
1635 150
1675 150
1723 150
1751 150
1756 150
1781 150
1804 150
1827 150
1843 150
1850 150
1871 150
1973 150
1983 150
1984 150
2002 150
2029 150
2042 150
2043 150
2084 150
2090 150
2113 150
2126 150
2133 150
2137 150
2151 150
2263 150
2294 150
2295 150
2328 150
2354 150
2356 150
2360 150
2388 150
2395 150
2477 150
2486 150
2523 150
2536 150
2548 150
2600 150
2677 150
2785 150
2795 150
2800 150
2836 150
2853 150
2855 150
2871 150
2872 150
2933 150
2960 150
2995 150
3033 150
3051 150
3055 150
3069 150
3168 150
3187 150
3253 150
3276 150
3279 150
3291 150
3369 150
3396 150
3424 150
3435 150
3449 150
3526 150
3528 150
3553 150
3609 150
3612 150
3629 150
3647 150
3696 150
3701 150
3850 150
3854 150
3918 150
4021 150
4050 150
4056 150
4083 150
4128 150
4184 150
4207 150
4211 150
4218 150
4274 150
4277 150
4307 150
4322 150
4339 150
4351 150
4355 150
4363 150
4387 150
4424 150
4435 150
4441 150
4489 150
4500 150
4526 150
4542 150
4597 150
4632 150
4633 150
4638 150
4672 150
4719 150
4722 150
4784 150
4798 150
4807 150
4914 150
4965 150
4986 150
1689 149
2950 149
4720 149
2559 149
4003 149
3840 149
3105 149
4609 149
2344 149
2742 149
2911 149
2221 149
4287 149
3734 149
3013 149
2076 149
468 149
2623 149
2774 149
2665 149
4122 149
2864 149
4409 149
943 149
773 149
2910 149
3513 149
2670 149
4598 149
725 149
1565 149
3623 149
2566 149
1391 149
3738 149
1744 149
3594 149
2613 149
4812 149
3652 149
4681 149
452 149
253 149
2734 149
1516 149
826 149
1411 149
3681 149
4006 149
29 149
4 149
27 149
30 149
54 149
64 149
76 149
95 149
110 149
113 149
117 149
146 149
188 149
238 149
252 149
271 149
303 149
342 149
349 149
380 149
390 149
404 149
430 149
471 149
474 149
476 149
508 149
521 149
530 149
531 149
539 149
542 149
543 149
562 149
567 149
577 149
625 149
675 149
686 149
694 149
704 149
731 149
792 149
794 149
818 149
840 149
863 149
926 149
965 149
985 149
988 149
1003 149
1046 149
1054 149
1071 149
1096 149
1097 149
1126 149
1239 149
1248 149
1263 149
1307 149
1337 149
1353 149
1362 149
1412 149
1454 149
1461 149
1465 149
1472 149
1473 149
1480 149
1489 149
1496 149
1500 149
1511 149
1514 149
1576 149
1577 149
1582 149
1600 149
1605 149
1613 149
1639 149
1664 149
1673 149
1679 149
1698 149
1704 149
1708 149
1712 149
1713 149
1725 149
1772 149
1815 149
1849 149
1877 149
1884 149
1891 149
1892 149
1913 149
1922 149
1935 149
1970 149
2017 149
2024 149
2051 149
2065 149
2104 149
2129 149
2153 149
2164 149
2177 149
2194 149
2246 149
2248 149
2259 149
2279 149
2287 149
2314 149
2341 149
2385 149
2412 149
2420 149
2496 149
2503 149
2515 149
2527 149
2550 149
2562 149
2610 149
2621 149
2628 149
2647 149
2649 149
2691 149
2694 149
2701 149
2716 149
2725 149
2731 149
2747 149
2773 149
2811 149
2813 149
2827 149
2854 149
2893 149
2912 149
2925 149
2932 149
2946 149
2949 149
2973 149
2976 149
2996 149
3023 149
3062 149
3066 149
3102 149
3110 149
3134 149
3136 149
3149 149
3172 149
3177 149
3205 149
3212 149
3223 149
3227 149
3248 149
3251 149
3256 149
3266 149
3277 149
3290 149
3294 149
3330 149
3333 149
3398 149
3412 149
3444 149
3447 149
3451 149
3463 149
3482 149
3502 149
3507 149
3534 149
3555 149
3582 149
3632 149
3724 149
3729 149
3745 149
3768 149
3777 149
3796 149
3859 149
3865 149
3875 149
3912 149
3940 149
3941 149
3969 149
3979 149
3986 149
3991 149
4040 149
4064 149
4065 149
4068 149
4071 149
4101 149
4102 149
4110 149
4126 149
4143 149
4164 149
4181 149
4189 149
4215 149
4216 149
4217 149
4227 149
4232 149
4243 149
4257 149
4308 149
4317 149
4325 149
4329 149
4342 149
4378 149
4392 149
4420 149
4439 149
4442 149
4465 149
4492 149
4517 149
4552 149
4561 149
4562 149
4563 149
4582 149
4585 149
4594 149
4671 149
4676 149
4678 149
4687 149
4711 149
4736 149
4737 149
4754 149
4755 149
4781 149
4786 149
4862 149
4886 149
4941 149
4946 149
4955 149
4968 149
4975 149
2427 148
3617 148
3706 148
1034 148
1978 148
1282 148
4873 148
4950 148
154 148
4821 148
2873 148
1197 148
1949 148
4768 148
4044 148
2595 148
3688 148
339 148
1174 148
3192 148
808 148
1206 148
2069 148
3773 148
4169 148
297 148
3360 148
1281 148
3245 148
350 148
922 148
1386 148
3548 148
4066 148
3758 148
2311 148
4072 148
969 148
1736 148
4082 148
3653 148
2563 148
4639 148
2001 148
455 148
4170 148
916 148
1075 148
2760 148
2679 148
3112 148
2551 148
2598 148
1296 148
3326 148
3311 148
1099 148
2 148
8 148
10 148
26 148
33 148
41 148
47 148
52 148
53 148
60 148
71 148
81 148
84 148
148 148
178 148
209 148
227 148
258 148
264 148
273 148
346 148
399 148
410 148
509 148
525 148
626 148
628 148
630 148
654 148
656 148
671 148
693 148
710 148
712 148
729 148
736 148
761 148
767 148
768 148
778 148
782 148
825 148
842 148
858 148
875 148
889 148
900 148
905 148
933 148
963 148
982 148
983 148
984 148
992 148
1010 148
1013 148
1019 148
1028 148
1031 148
1045 148
1057 148
1072 148
1079 148
1180 148
1186 148
1188 148
1193 148
1224 148
1226 148
1233 148
1253 148
1284 148
1291 148
1319 148
1334 148
1342 148
1382 148
1413 148
1418 148
1443 148
1453 148
1469 148
1479 148
1482 148
1487 148
1501 148
1505 148
1515 148
1522 148
1529 148
1549 148
1551 148
1562 148
1566 148
1567 148
1575 148
1643 148
1649 148
1668 148
1682 148
1693 148
1720 148
1728 148
1732 148
1737 148
1745 148
1747 148
1758 148
1759 148
1766 148
1791 148
1825 148
1836 148
1870 148
1875 148
1879 148
1903 148
1920 148
1923 148
1947 148
1972 148
1990 148
2005 148
2009 148
2010 148
2022 148
2033 148
2041 148
2047 148
2067 148
2125 148
2132 148
2144 148
2148 148
2161 148
2191 148
2238 148
2245 148
2255 148
2257 148
2267 148
2271 148
2293 148
2297 148
2299 148
2304 148
2315 148
2321 148
2335 148
2347 148
2375 148
2377 148
2390 148
2440 148
2448 148
2452 148
2456 148
2476 148
2501 148
2507 148
2547 148
2568 148
2573 148
2579 148
2581 148
2609 148
2625 148
2658 148
2666 148
2669 148
2678 148
2698 148
2717 148
2724 148
2728 148
2732 148
2737 148
2764 148
2781 148
2803 148
2809 148
2848 148
2851 148
2856 148
2863 148
2879 148
2921 148
2924 148
2929 148
2936 148
2942 148
2975 148
3009 148
3061 148
3072 148
3079 148
3115 148
3139 148
3169 148
3174 148
3188 148
3241 148
3242 148
3246 148
3267 148
3269 148
3284 148
3288 148
3319 148
3324 148
3336 148
3337 148
3347 148
3350 148
3356 148
3372 148
3395 148
3401 148
3437 148
3442 148
3472 148
3478 148
3489 148
3515 148
3518 148
3524 148
3530 148
3545 148
3554 148
3563 148
3586 148
3587 148
3601 148
3654 148
3667 148
3682 148
3689 148
3700 148
3713 148
3737 148
3764 148
3781 148
3792 148
3800 148
3812 148
3817 148
3818 148
3874 148
3877 148
3887 148
3892 148
3896 148
3897 148
3906 148
3908 148
3931 148
3954 148
3972 148
3984 148
4000 148
4004 148
4005 148
4008 148
4014 148
4046 148
4060 148
4069 148
4081 148
4092 148
4112 148
4160 148
4162 148
4197 148
4238 148
4239 148
4251 148
4266 148
4270 148
4282 148
4290 148
4305 148
4327 148
4328 148
4368 148
4370 148
4381 148
4403 148
4410 148
4419 148
4440 148
4457 148
4467 148
4468 148
4470 148
4472 148
4494 148
4498 148
4525 148
4531 148
4538 148
4557 148
4577 148
4604 148
4608 148
4610 148
4637 148
4642 148
4644 148
4664 148
4665 148
4666 148
4670 148
4679 148
4705 148
4730 148
4751 148
4774 148
4790 148
4792 148
4794 148
4817 148
4855 148
4861 148
4871 148
4875 148
4878 148
4882 148
4892 148
4893 148
4907 148
4909 148
4915 148
4960 148
4613 147
781 147
4026 147
3837 147
4575 147
867 147
106 147
570 147
637 147
2722 147
2815 147
361 147
362 147
559 147
409 147
3263 147
3590 147
3822 147
3888 147
473 147
194 147
375 147
590 147
1867 147
3565 147
3167 147
3602 147
3710 147
2861 147
3211 147
4393 147
436 147
4930 147
2296 147
461 147
592 147
835 147
2756 147
3156 147
1157 147
3509 147
3153 147
3024 147
2814 147
2171 147
4335 147
3692 147
1231 147
2240 147
4402 147
816 147
1826 147
2992 147
1702 147
422 147
2776 147
16 147
4796 147
89 147
3610 147
250 147
5 147
9 147
11 147
35 147
62 147
65 147
80 147
87 147
111 147
112 147
121 147
134 147
135 147
159 147
160 147
177 147
180 147
182 147
186 147
189 147
193 147
289 147
295 147
306 147
312 147
330 147
344 147
348 147
359 147
363 147
377 147
378 147
381 147
383 147
385 147
396 147
403 147
408 147
429 147
431 147
440 147
450 147
460 147
463 147
529 147
533 147
560 147
568 147
607 147
618 147
620 147
633 147
634 147
655 147
657 147
674 147
685 147
702 147
717 147
730 147
737 147
745 147
750 147
752 147
758 147
760 147
771 147
776 147
777 147
779 147
780 147
813 147
817 147
831 147
843 147
851 147
914 147
917 147
923 147
931 147
945 147
954 147
990 147
993 147
1000 147
1020 147
1026 147
1059 147
1074 147
1085 147
1090 147
1091 147
1095 147
1098 147
1129 147
1134 147
1142 147
1144 147
1145 147
1146 147
1153 147
1156 147
1160 147
1183 147
1217 147
1225 147
1229 147
1246 147
1256 147
1261 147
1294 147
1301 147
1339 147
1340 147
1350 147
1404 147
1417 147
1423 147
1428 147
1441 147
1457 147
1485 147
1517 147
1535 147
1540 147
1552 147
1558 147
1561 147
1616 147
1622 147
1628 147
1632 147
1637 147
1653 147
1676 147
1724 147
1730 147
1753 147
1779 147
1799 147
1806 147
1818 147
1828 147
1855 147
1865 147
1882 147
1897 147
1929 147
1939 147
1948 147
1952 147
1963 147
1967 147
1985 147
1986 147
1993 147
2004 147
2011 147
2015 147
2016 147
2025 147
2028 147
2030 147
2038 147
2040 147
2045 147
2091 147
2092 147
2146 147
2170 147
2182 147
2217 147
2223 147
2237 147
2312 147
2317 147
2334 147
2349 147
2358 147
2387 147
2403 147
2406 147
2408 147
2410 147
2419 147
2439 147
2449 147
2450 147
2459 147
2470 147
2481 147
2485 147
2487 147
2490 147
2499 147
2512 147
2521 147
2541 147
2564 147
2583 147
2587 147
2616 147
2619 147
2626 147
2631 147
2653 147
2657 147
2663 147
2673 147
2696 147
2702 147
2713 147
2743 147
2780 147
2786 147
2788 147
2792 147
2798 147
2801 147
2805 147
2808 147
2821 147
2841 147
2844 147
2845 147
2849 147
2852 147
2875 147
2881 147
2943 147
2944 147
2953 147
2957 147
2961 147
2966 147
2978 147
2979 147
3025 147
3028 147
3056 147
3060 147
3065 147
3092 147
3111 147
3114 147
3126 147
3128 147
3133 147
3137 147
3157 147
3196 147
3200 147
3204 147
3206 147
3228 147
3231 147
3254 147
3255 147
3272 147
3296 147
3317 147
3329 147
3341 147
3368 147
3377 147
3381 147
3394 147
3409 147
3413 147
3419 147
3445 147
3446 147
3458 147
3468 147
3491 147
3529 147
3531 147
3537 147
3564 147
3581 147
3603 147
3605 147
3608 147
3624 147
3633 147
3639 147
3640 147
3679 147
3680 147
3726 147
3732 147
3748 147
3788 147
3791 147
3797 147
3804 147
3824 147
3827 147
3831 147
3842 147
3844 147
3851 147
3870 147
3872 147
3885 147
3899 147
3920 147
3924 147
3926 147
3929 147
3939 147
3949 147
3957 147
3960 147
3965 147
3974 147
3977 147
3983 147
3997 147
4013 147
4016 147
4028 147
4033 147
4039 147
4045 147
4051 147
4070 147
4078 147
4085 147
4105 147
4134 147
4135 147
4141 147
4157 147
4166 147
4178 147
4179 147
4180 147
4221 147
4231 147
4242 147
4245 147
4256 147
4278 147
4295 147
4296 147
4300 147
4316 147
4337 147
4364 147
4366 147
4376 147
4382 147
4389 147
4397 147
4413 147
4444 147
4454 147
4466 147
4485 147
4486 147
4495 147
4506 147
4516 147
4535 147
4539 147
4546 147
4550 147
4551 147
4554 147
4566 147
4579 147
4584 147
4586 147
4601 147
4614 147
4620 147
4621 147
4623 147
4635 147
4656 147
4657 147
4694 147
4695 147
4714 147
4716 147
4728 147
4758 147
4759 147
4761 147
4762 147
4775 147
4776 147
4804 147
4818 147
4844 147
4848 147
4851 147
4858 147
4884 147
4895 147
4913 147
4916 147
4926 147
4934 147
4962 147
4981 147
4984 147
4989 147
1608 146
2305 146
664 146
1776 146
3895 146
1943 146
4607 146
4800 146
1378 146
2037 146
2535 146
494 146
2831 146
2226 146
3746 146
4992 146
2775 146
3560 146
902 146
3081 146
4764 146
226 146
640 146
388 146
2561 146
2896 146
3678 146
1930 146
2632 146
2096 146
3683 146
3387 146
505 146
3702 146
1176 146
402 146
1765 146
1241 146
4724 146
3698 146
4863 146
2830 146
266 146
4556 146
2123 146
4643 146
2107 146
3693 146
3879 146
4377 146
2050 146
609 146
2422 146
2711 146
3676 146
3707 146
3811 146
1621 146
4739 146
256 146
1260 146
2580 146
2333 146
4880 146
4814 146
398 146
1158 146
3343 146
1266 146
2721 146
0 146
3 146
7 146
12 146
13 146
49 146
50 146
77 146
82 146
85 146
101 146
114 146
118 146
128 146
131 146
138 146
144 146
151 146
161 146
167 146
174 146
175 146
181 146
195 146
199 146
204 146
213 146
214 146
236 146
243 146
251 146
260 146
278 146
280 146
293 146
324 146
325 146
336 146
341 146
343 146
420 146
424 146
441 146
446 146
465 146
466 146
488 146
504 146
524 146
536 146
558 146
566 146
574 146
587 146
588 146
596 146
597 146
599 146
614 146
643 146
644 146
648 146
663 146
687 146
689 146
690 146
700 146
718 146
720 146
763 146
784 146
787 146
789 146
791 146
796 146
798 146
800 146
807 146
834 146
837 146
841 146
849 146
856 146
873 146
878 146
891 146
895 146
898 146
907 146
912 146
921 146
924 146
928 146
929 146
957 146
959 146
966 146
978 146
986 146
989 146
994 146
1037 146
1041 146
1049 146
1053 146
1056 146
1058 146
1067 146
1108 146
1112 146
1149 146
1164 146
1181 146
1201 146
1210 146
1230 146
1237 146
1240 146
1252 146
1259 146
1264 146
1269 146
1271 146
1273 146
1286 146
1309 146
1311 146
1321 146
1323 146
1325 146
1328 146
1344 146
1365 146
1367 146
1369 146
1370 146
1380 146
1390 146
1401 146
1421 146
1431 146
1434 146
1436 146
1439 146
1450 146
1451 146
1455 146
1456 146
1458 146
1477 146
1495 146
1506 146
1508 146
1527 146
1573 146
1581 146
1584 146
1591 146
1597 146
1610 146
1615 146
1623 146
1629 146
1634 146
1651 146
1656 146
1658 146
1660 146
1663 146
1666 146
1683 146
1687 146
1703 146
1705 146
1707 146
1711 146
1717 146
1733 146
1734 146
1752 146
1761 146
1773 146
1801 146
1835 146
1838 146
1845 146
1858 146
1859 146
1860 146
1881 146
1883 146
1899 146
1900 146
1911 146
1915 146
1926 146
1927 146
1951 146
1957 146
1958 146
1961 146
1974 146
1997 146
2035 146
2053 146
2062 146
2063 146
2078 146
2079 146
2098 146
2102 146
2116 146
2119 146
2139 146
2142 146
2155 146
2157 146
2159 146
2166 146
2184 146
2199 146
2201 146
2209 146
2231 146
2239 146
2251 146
2264 146
2275 146
2280 146
2281 146
2286 146
2289 146
2309 146
2336 146
2346 146
2350 146
2353 146
2367 146
2370 146
2374 146
2386 146
2404 146
2414 146
2438 146
2441 146
2445 146
2455 146
2482 146
2497 146
2500 146
2505 146
2517 146
2545 146
2552 146
2557 146
2560 146
2585 146
2597 146
2671 146
2680 146
2681 146
2684 146
2705 146
2714 146
2730 146
2744 146
2763 146
2771 146
2772 146
2802 146
2816 146
2817 146
2818 146
2824 146
2833 146
2840 146
2858 146
2884 146
2888 146
2905 146
2907 146
2913 146
2914 146
2915 146
2917 146
2919 146
2930 146
2935 146
2947 146
2955 146
2969 146
2971 146
2991 146
2994 146
3031 146
3038 146
3041 146
3048 146
3049 146
3067 146
3074 146
3097 146
3098 146
3108 146
3117 146
3141 146
3143 146
3151 146
3166 146
3179 146
3180 146
3186 146
3201 146
3207 146
3208 146
3239 146
3258 146
3260 146
3281 146
3285 146
3320 146
3323 146
3349 146
3365 146
3380 146
3386 146
3389 146
3390 146
3397 146
3436 146
3452 146
3455 146
3460 146
3465 146
3469 146
3496 146
3497 146
3533 146
3558 146
3562 146
3577 146
3579 146
3589 146
3593 146
3596 146
3619 146
3630 146
3631 146
3636 146
3649 146
3658 146
3660 146
3664 146
3684 146
3709 146
3718 146
3751 146
3756 146
3763 146
3766 146
3767 146
3790 146
3801 146
3806 146
3810 146
3823 146
3832 146
3841 146
3871 146
3873 146
3884 146
3927 146
3930 146
3947 146
3968 146
3976 146
3999 146
4001 146
4015 146
4027 146
4029 146
4047 146
4048 146
4049 146
4055 146
4058 146
4059 146
4075 146
4093 146
4121 146
4127 146
4147 146
4182 146
4199 146
4205 146
4224 146
4225 146
4226 146
4229 146
4230 146
4240 146
4258 146
4264 146
4288 146
4292 146
4299 146
4301 146
4318 146
4326 146
4336 146
4341 146
4371 146
4373 146
4380 146
4396 146
4399 146
4401 146
4405 146
4425 146
4434 146
4436 146
4447 146
4453 146
4456 146
4474 146
4483 146
4496 146
4515 146
4519 146
4522 146
4528 146
4533 146
4537 146
4544 146
4559 146
4570 146
4574 146
4580 146
4603 146
4617 146
4619 146
4625 146
4647 146
4650 146
4658 146
4661 146
4692 146
4698 146
4699 146
4708 146
4715 146
4718 146
4740 146
4743 146
4747 146
4778 146
4785 146
4788 146
4795 146
4819 146
4823 146
4839 146
4849 146
4854 146
4857 146
4860 146
4868 146
4881 146
4883 146
4887 146
4905 146
4910 146
4922 146
4940 146
4942 146
4945 146
4972 146
4973 146
4983 146
4993 146
3305 145
4802 145
897 145
3182 145
4462 145
892 145
4870 145
2020 145
3743 145
1918 145
4906 145
908 145
2071 145
853 145
2571 145
2436 145
451 145
755 145
1953 145
4163 145
2472 145
3487 145
3735 145
79 145
313 145
1965 145
43 145
483 145
887 145
1652 145
2180 145
3138 145
809 145
3087 145
1767 145
1792 145
1630 145
2384 145
3353 145
4262 145
4558 145
1510 145
3173 145
145 145
1336 145
3600 145
119 145
3867 145
4074 145
2212 145
2233 145
3310 145
4529 145
1 145
70 145
90 145
109 145
127 145
130 145
142 145
153 145
164 145
166 145
171 145
176 145
187 145
211 145
231 145
237 145
240 145
241 145
245 145
248 145
257 145
272 145
275 145
277 145
298 145
301 145
304 145
311 145
332 145
333 145
338 145
368 145
374 145
382 145
389 145
392 145
434 145
442 145
444 145
447 145
457 145
477 145
485 145
491 145
500 145
501 145
535 145
546 145
564 145
572 145
578 145
579 145
580 145
586 145
589 145
594 145
602 145
612 145
616 145
636 145
642 145
645 145
650 145
652 145
653 145
658 145
667 145
669 145
673 145
684 145
688 145
692 145
705 145
707 145
724 145
726 145
744 145
754 145
793 145
804 145
810 145
812 145
833 145
836 145
869 145
901 145
909 145
911 145
938 145
947 145
950 145
952 145
958 145
964 145
979 145
991 145
997 145
1006 145
1017 145
1029 145
1048 145
1064 145
1073 145
1076 145
1081 145
1083 145
1110 145
1111 145
1115 145
1117 145
1119 145
1150 145
1165 145
1167 145
1202 145
1207 145
1236 145
1242 145
1245 145
1268 145
1270 145
1274 145
1285 145
1290 145
1298 145
1317 145
1327 145
1329 145
1330 145
1332 145
1345 145
1357 145
1360 145
1368 145
1381 145
1384 145
1393 145
1397 145
1427 145
1432 145
1447 145
1448 145
1459 145
1463 145
1474 145
1478 145
1488 145
1492 145
1497 145
1499 145
1555 145
1560 145
1574 145
1583 145
1585 145
1598 145
1638 145
1645 145
1667 145
1670 145
1671 145
1672 145
1694 145
1709 145
1722 145
1726 145
1740 145
1750 145
1754 145
1764 145
1782 145
1785 145
1793 145
1795 145
1800 145
1802 145
1809 145
1820 145
1831 145
1841 145
1848 145
1856 145
1873 145
1906 145
1909 145
1931 145
1933 145
1946 145
1966 145
1987 145
1988 145
1989 145
1994 145
1996 145
1998 145
2026 145
2052 145
2059 145
2080 145
2099 145
2101 145
2120 145
2141 145
2150 145
2172 145
2181 145
2188 145
2189 145
2190 145
2197 145
2207 145
2211 145
2215 145
2218 145
2220 145
2234 145
2244 145
2252 145
2256 145
2269 145
2285 145
2290 145
2313 145
2319 145
2322 145
2326 145
2327 145
2331 145
2339 145
2342 145
2373 145
2398 145
2401 145
2421 145
2423 145
2453 145
2461 145
2467 145
2469 145
2479 145
2508 145
2509 145
2518 145
2530 145
2533 145
2537 145
2542 145
2565 145
2575 145
2588 145
2608 145
2629 145
2634 145
2640 145
2697 145
2710 145
2719 145
2723 145
2739 145
2752 145
2753 145
2755 145
2770 145
2778 145
2783 145
2789 145
2791 145
2793 145
2820 145
2847 145
2860 145
2877 145
2878 145
2880 145
2886 145
2892 145
2897 145
2901 145
2902 145
2916 145
2927 145
2931 145
2937 145
2938 145
2954 145
2965 145
2967 145
2968 145
2981 145
3001 145
3005 145
3011 145
3015 145
3026 145
3035 145
3071 145
3076 145
3077 145
3078 145
3083 145
3096 145
3106 145
3120 145
3158 145
3159 145
3162 145
3195 145
3219 145
3225 145
3243 145
3252 145
3270 145
3271 145
3274 145
3287 145
3297 145
3298 145
3306 145
3314 145
3315 145
3338 145
3351 145
3364 145
3367 145
3384 145
3392 145
3420 145
3423 145
3425 145
3427 145
3429 145
3450 145
3454 145
3477 145
3490 145
3492 145
3493 145
3506 145
3539 145
3544 145
3546 145
3549 145
3561 145
3566 145
3574 145
3578 145
3585 145
3606 145
3611 145
3613 145
3622 145
3638 145
3642 145
3645 145
3646 145
3648 145
3661 145
3669 145
3675 145
3694 145
3699 145
3704 145
3708 145
3717 145
3719 145
3727 145
3749 145
3755 145
3759 145
3803 145
3814 145
3815 145
3825 145
3836 145
3848 145
3852 145
3857 145
3862 145
3868 145
3876 145
3903 145
3913 145
3919 145
3933 145
3942 145
3943 145
3948 145
3959 145
3980 145
3982 145
3987 145
3992 145
4002 145
4009 145
4010 145
4012 145
4018 145
4020 145
4037 145
4042 145
4043 145
4053 145
4057 145
4061 145
4087 145
4097 145
4098 145
4132 145
4139 145
4140 145
4142 145
4156 145
4185 145
4188 145
4191 145
4192 145
4194 145
4223 145
4233 145
4237 145
4241 145
4254 145
4259 145
4265 145
4273 145
4285 145
4286 145
4297 145
4302 145
4311 145
4321 145
4338 145
4372 145
4386 145
4388 145
4407 145
4414 145
4443 145
4448 145
4451 145
4452 145
4455 145
4469 145
4473 145
4497 145
4502 145
4514 145
4518 145
4534 145
4549 145
4560 145
4589 145
4599 145
4606 145
4611 145
4615 145
4669 145
4673 145
4674 145
4683 145
4690 145
4707 145
4713 145
4750 145
4771 145
4809 145
4820 145
4832 145
4835 145
4840 145
4841 145
4843 145
4847 145
4850 145
4904 145
4921 145
4947 145
4956 145
4963 145
4971 145
4977 145
4985 145
4987 145
2087 144
3410 144
439 144
2868 144
1590 144
3881 144
1168 144
3466 144
67 144
2741 144
4833 144
4408 144
806 144
2324 144
1446 144
829 144
3536 144
2021 144
2202 144
3063 144
3739 144
4276 144
39 144
2514 144
4367 144
4806 144
75 144
646 144
3405 144
4565 144
1885 144
2397 144
458 144
2058 144
157 144
1550 144
4155 144
4766 144
2066 144
2707 144
3408 144
3257 144
4897 144
1172 144
3614 144
3303 144
4805 144
2642 144
21 144
28 144
37 144
44 144
55 144
68 144
103 144
107 144
108 144
143 144
156 144
158 144
196 144
200 144
205 144
228 144
229 144
230 144
233 144
235 144
263 144
265 144
269 144
274 144
283 144
288 144
296 144
319 144
320 144
326 144
351 144
353 144
369 144
370 144
417 144
428 144
437 144
443 144
445 144
462 144
470 144
480 144
502 144
520 144
534 144
547 144
548 144
554 144
571 144
582 144
585 144
593 144
613 144
623 144
632 144
635 144
641 144
662 144
677 144
682 144
708 144
723 144
734 144
740 144
742 144
769 144
774 144
788 144
802 144
805 144
814 144
839 144
845 144
850 144
859 144
872 144
883 144
890 144
893 144
894 144
925 144
927 144
937 144
941 144
953 144
967 144
998 144
999 144
1030 144
1035 144
1066 144
1080 144
1084 144
1107 144
1113 144
1128 144
1130 144
1151 144
1152 144
1166 144
1177 144
1187 144
1191 144
1198 144
1212 144
1216 144
1251 144
1254 144
1272 144
1283 144
1287 144
1293 144
1308 144
1326 144
1338 144
1356 144
1364 144
1383 144
1394 144
1406 144
1433 144
1468 144
1470 144
1475 144
1486 144
1491 144
1498 144
1502 144
1512 144
1513 144
1518 144
1528 144
1557 144
1570 144
1586 144
1601 144
1611 144
1619 144
1625 144
1636 144
1647 144
1659 144
1685 144
1686 144
1699 144
1706 144
1729 144
1774 144
1794 144
1808 144
1810 144
1817 144
1829 144
1833 144
1864 144
1869 144
1894 144
1901 144
1917 144
1919 144
1936 144
1938 144
1942 144
1959 144
1962 144
1968 144
1979 144
1995 144
2056 144
2057 144
2068 144
2073 144
2083 144
2086 144
2088 144
2100 144
2110 144
2122 144
2163 144
2185 144
2213 144
2235 144
2262 144
2266 144
2276 144
2277 144
2283 144
2291 144
2298 144
2307 144
2318 144
2329 144
2348 144
2359 144
2368 144
2369 144
2376 144
2378 144
2380 144
2418 144
2425 144
2431 144
2434 144
2435 144
2444 144
2465 144
2498 144
2516 144
2522 144
2529 144
2539 144
2586 144
2603 144
2605 144
2611 144
2635 144
2636 144
2639 144
2641 144
2643 144
2646 144
2655 144
2727 144
2745 144
2749 144
2758 144
2779 144
2812 144
2825 144
2826 144
2829 144
2834 144
2837 144
2883 144
2903 144
2909 144
2926 144
2948 144
2963 144
2982 144
2999 144
3002 144
3006 144
3020 144
3021 144
3034 144
3057 144
3082 144
3132 144
3135 144
3142 144
3145 144
3152 144
3165 144
3176 144
3185 144
3189 144
3190 144
3194 144
3199 144
3217 144
3220 144
3230 144
3232 144
3233 144
3237 144
3244 144
3261 144
3262 144
3280 144
3300 144
3358 144
3363 144
3366 144
3373 144
3393 144
3400 144
3403 144
3422 144
3453 144
3474 144
3481 144
3485 144
3488 144
3505 144
3511 144
3516 144
3519 144
3538 144
3540 144
3541 144
3543 144
3550 144
3556 144
3598 144
3604 144
3607 144
3625 144
3628 144
3635 144
3637 144
3641 144
3670 144
3686 144
3720 144
3730 144
3774 144
3795 144
3799 144
3808 144
3820 144
3821 144
3838 144
3847 144
3849 144
3863 144
3878 144
3882 144
3902 144
3923 144
3928 144
3937 144
3944 144
3964 144
3966 144
3973 144
3978 144
3981 144
3989 144
4007 144
4032 144
4036 144
4038 144
4052 144
4062 144
4077 144
4125 144
4137 144
4146 144
4153 144
4161 144
4168 144
4171 144
4177 144
4183 144
4209 144
4271 144
4272 144
4275 144
4280 144
4306 144
4356 144
4365 144
4374 144
4384 144
4394 144
4432 144
4438 144
4459 144
4460 144
4481 144
4503 144
4509 144
4512 144
4524 144
4527 144
4530 144
4553 144
4572 144
4581 144
4593 144
4600 144
4602 144
4618 144
4622 144
4628 144
4649 144
4653 144
4655 144
4677 144
4680 144
4697 144
4702 144
4726 144
4741 144
4777 144
4780 144
4787 144
4797 144
4803 144
4808 144
4811 144
4842 144
4867 144
4874 144
4890 144
4891 144
4894 144
4908 144
4928 144
4943 144
4964 144
4967 144
4988 144
4996 144
3985 143
1012 143
328 143
3853 143
801 143
4458 143
2330 143
691 143
1185 143
4428 143
1312 143
3325 143
1449 143
1138 143
2890 143
4063 143
1227 143
4827 143
624 143
1354 143
2363 143
2620 143
3163 143
544 143
1757 143
4783 143
3039 143
2162 143
3495 143
2097 143
2682 143
1279 143
698 143
3591 143
1955 143
56 143
58 143
59 143
74 143
83 143
88 143
91 143
92 143
96 143
97 143
98 143
100 143
102 143
105 143
122 143
129 143
155 143
185 143
198 143
201 143
239 143
242 143
244 143
285 143
287 143
299 143
309 143
314 143
391 143
394 143
421 143
435 143
438 143
481 143
484 143
499 143
515 143
516 143
522 143
527 143
591 143
603 143
604 143
605 143
608 143
627 143
629 143
649 143
679 143
709 143
713 143
727 143
756 143
772 143
775 143
799 143
803 143
815 143
821 143
824 143
860 143
868 143
874 143
881 143
888 143
915 143
948 143
949 143
973 143
976 143
977 143
1007 143
1015 143
1042 143
1044 143
1050 143
1055 143
1060 143
1068 143
1078 143
1102 143
1104 143
1137 143
1143 143
1147 143
1178 143
1179 143
1182 143
1195 143
1232 143
1247 143
1262 143
1302 143
1322 143
1333 143
1335 143
1351 143
1355 143
1361 143
1398 143
1408 143
1425 143
1440 143
1464 143
1467 143
1471 143
1534 143
1553 143
1564 143
1571 143
1594 143
1596 143
1602 143
1624 143
1626 143
1631 143
1655 143
1669 143
1690 143
1695 143
1697 143
1731 143
1760 143
1797 143
1798 143
1816 143
1839 143
1842 143
1846 143
1852 143
1878 143
1887 143
1921 143
1924 143
1925 143
1934 143
1940 143
1944 143
1960 143
1992 143
2003 143
2018 143
2046 143
2054 143
2093 143
2112 143
2121 143
2130 143
2147 143
2156 143
2167 143
2179 143
2183 143
2200 143
2204 143
2216 143
2222 143
2227 143
2228 143
2232 143
2241 143
2249 143
2261 143
2268 143
2270 143
2284 143
2396 143
2400 143
2405 143
2417 143
2437 143
2447 143
2451 143
2473 143
2494 143
2502 143
2504 143
2506 143
2525 143
2531 143
2546 143
2549 143
2590 143
2593 143
2602 143
2612 143
2615 143
2617 143
2630 143
2648 143
2650 143
2660 143
2686 143
2690 143
2699 143
2726 143
2736 143
2751 143
2804 143
2810 143
2839 143
2870 143
2876 143
2889 143
2894 143
2928 143
2940 143
2956 143
2959 143
2962 143
2977 143
2985 143
2988 143
2989 143
2997 143
2998 143
3003 143
3004 143
3016 143
3027 143
3037 143
3043 143
3059 143
3089 143
3091 143
3101 143
3148 143
3150 143
3202 143
3275 143
3308 143
3313 143
3335 143
3346 143
3357 143
3362 143
3382 143
3385 143
3406 143
3411 143
3416 143
3421 143
3432 143
3476 143
3479 143
3503 143
3520 143
3522 143
3523 143
3567 143
3580 143
3615 143
3695 143
3705 143
3721 143
3731 143
3733 143
3742 143
3747 143
3754 143
3769 143
3805 143
3816 143
3829 143
3843 143
3864 143
3866 143
3894 143
3900 143
3921 143
3936 143
3953 143
3958 143
3971 143
3998 143
4011 143
4017 143
4030 143
4035 143
4094 143
4114 143
4118 143
4130 143
4131 143
4136 143
4138 143
4158 143
4195 143
4210 143
4263 143
4309 143
4319 143
4359 143
4398 143
4421 143
4426 143
4433 143
4464 143
4480 143
4484 143
4493 143
4505 143
4540 143
4547 143
4555 143
4573 143
4583 143
4588 143
4595 143
4636 143
4646 143
4654 143
4662 143
4663 143
4686 143
4703 143
4706 143
4709 143
4729 143
4731 143
4735 143
4746 143
4753 143
4767 143
4782 143
4793 143
4825 143
4829 143
4856 143
4885 143
4912 143
4924 143
4957 143
4966 143
3911 142
1620 142
1203 142
2463 142
910 142
1442 142
2828 142
2493 142
433 142
871 142
3945 142
1077 142
120 142
2198 142
4763 142
3952 142
2128 142
4979 142
116 142
1276 142
1346 142
4482 142
751 142
2984 142
126 142
137 142
163 142
224 142
234 142
291 142
300 142
329 142
331 142
340 142
364 142
366 142
395 142
414 142
467 142
496 142
532 142
541 142
545 142
557 142
563 142
610 142
615 142
666 142
719 142
739 142
743 142
746 142
749 142
811 142
819 142
866 142
899 142
1004 142
1023 142
1070 142
1131 142
1204 142
1205 142
1249 142
1289 142
1300 142
1341 142
1374 142
1400 142
1405 142
1462 142
1493 142
1521 142
1530 142
1539 142
1572 142
1593 142
1640 142
1650 142
1665 142
1677 142
1755 142
1771 142
1775 142
1803 142
1811 142
1840 142
1862 142
1932 142
1937 142
1977 142
2006 142
2012 142
2034 142
2039 142
2064 142
2081 142
2124 142
2145 142
2152 142
2165 142
2208 142
2219 142
2258 142
2308 142
2310 142
2343 142
2361 142
2372 142
2391 142
2393 142
2411 142
2429 142
2454 142
2458 142
2468 142
2478 142
2520 142
2524 142
2543 142
2569 142
2574 142
2596 142
2604 142
2662 142
2675 142
2750 142
2754 142
2762 142
2765 142
2777 142
2882 142
2908 142
2920 142
2974 142
2987 142
3008 142
3068 142
3080 142
3104 142
3125 142
3213 142
3236 142
3247 142
3259 142
3268 142
3273 142
3299 142
3332 142
3342 142
3375 142
3428 142
3461 142
3483 142
3512 142
3532 142
3557 142
3570 142
3592 142
3616 142
3650 142
3655 142
3659 142
3662 142
3687 142
3690 142
3691 142
3741 142
3760 142
3761 142
3778 142
3860 142
3886 142
3909 142
3932 142
3950 142
3956 142
3963 142
3993 142
4054 142
4080 142
4084 142
4104 142
4149 142
4167 142
4235 142
4261 142
4284 142
4313 142
4324 142
4345 142
4358 142
4360 142
4445 142
4478 142
4523 142
4532 142
4578 142
4587 142
4590 142
4591 142
4596 142
4685 142
4693 142
4696 142
4717 142
4745 142
4779 142
4838 142
4911 142
4927 142
4931 142
4939 142
4958 142
4961 142
4980 142
4982 142
4999 142
3103 141
4022 141
1971 141
32 141
1238 141
1851 141
1888 141
3161 141
4684 141
2224 141
2703 141
606 141
152 141
207 141
247 141
316 141
335 141
356 141
367 141
386 141
412 141
459 141
497 141
538 141
553 141
555 141
600 141
621 141
651 141
786 141
864 141
879 141
896 141
1014 141
1087 141
1109 141
1118 141
1154 141
1243 141
1244 141
1255 141
1288 141
1358 141
1373 141
1407 141
1438 141
1603 141
1684 141
1727 141
1763 141
1768 141
1780 141
1790 141
1853 141
1861 141
1863 141
1874 141
1895 141
1902 141
1928 141
1981 141
2007 141
2032 141
2044 141
2048 141
2118 141
2178 141
2272 141
2274 141
2282 141
2366 141
2556 141
2614 141
2659 141
2782 141
2796 141
2799 141
2846 141
2986 141
3018 141
3022 141
3044 141
3047 141
3050 141
3085 141
3100 141
3129 141
3140 141
3193 141
3203 141
3292 141
3334 141
3355 141
3359 141
3402 141
3415 141
3510 141
3514 141
3521 141
3559 141
3576 141
3672 141
3715 141
3723 141
3783 141
3785 141
3798 141
3809 141
4041 141
4117 141
4123 141
4173 141
4247 141
4250 141
4279 141
4294 141
4332 141
4390 141
4391 141
4411 141
4431 141
4477 141
4479 141
4499 141
4630 141
4667 141
4682 141
4738 141
4742 141
4748 141
4813 141
4830 141
4935 141
4253 140
3905 140
183 140
172 140
192 140
292 140
486 140
930 140
975 140
1105 140
1124 140
1192 140
1200 140
1265 140
1376 140
1426 140
1503 140
1523 140
1609 140
1661 140
1789 140
1832 140
1866 140
2136 140
2196 140
2362 140
2432 140
2475 140
2654 140
2735 140
2807 140
3010 140
3045 140
3073 140
3119 140
3155 140
3289 140
3456 140
3494 140
3674 140
3856 140
3946 140
4025 140
4152 140
4174 140
4267 140
4291 140
4487 140
4627 140
4629 140
4723 140
4725 140
4799 140
4865 140
4866 140
4902 140
4200 139
36 139
360 139
405 139
722 139
830 139
939 139
1691 139
1890 139
2513 139
2554 139
2633 139
2667 139
2715 139
2766 139
3370 139
3535 139
3677 139
3962 139
4073 139
4196 139
4222 139
4379 139
4789 139
4888 139
4944 139
2203 138
2325 138
3656 138
3753 138
4214 138
4852 138
